500 12 8
500 20 16
1000 0 28 5
800 8
200 32
900 36
800 27
3000 0 40 10
800 13
200 44
900 48
800 27
200 52
500 60 56
20 56 68 64
500 64 56
2010 64 72 18
800 27
200 8
200 76
10 8 16 80
500 80 24
500 16 8
500 24 16
10 56 88 84
500 84 56
800 16
900 92
200 100
100 96
500 108 104
900 112
500 12 8
500 20 16
1000 0 28 5
800 8
200 32
900 36
800 27
3000 0 40 10
800 13
200 44
900 48
800 27
200 52
500 60 56
20 56 68 64
500 64 56
2010 64 72 18
800 27
200 8
200 76
10 8 16 80
500 80 24
500 16 8
500 24 16
10 56 88 84
500 84 56
800 16
900 92
200 100
100 96
500 108 104
900 112
